-4.359002 0.006000
-4.280179 0.011000
-4.143426 -0.005000
-3.965837 0.021000
-3.750261 0.007000
-3.497648 -0.001000
-3.264978 0.010000
-3.020912 -0.005000
-2.809134 0.004000
-2.619200 0.000000
-2.453007 0.011000
-2.303908 -0.003000
-2.167155 -0.005000
-1.989566 -0.011000
-1.761644 0.003000
-1.562213 -0.002000
-1.383674 0.000000
-1.218431 -0.004000
-1.006654 0.005000
-0.783481 0.016000
-0.567905 0.066000
-0.373222 0.144000
-0.194683 0.237000
0.000000 0.253000
0.231720 0.194000
0.438749 0.116000
0.650526 0.077000
0.841411 0.038000
0.952523 0.025000
1.023748 0.016000
1.097823 0.000000
1.185193 -0.008000
1.346637 -0.005000
1.607797 -0.014000
1.918341 0.010000
2.150061 0.005000
2.295361 -0.012000
2.398875 0.001000
2.531830 0.010000
2.693274 -0.011000
2.891756 -0.002000
3.103533 -0.015000
3.352348 0.000000
3.646746 -0.006000
3.961088 -0.008000
4.234594 -0.012000
4.458717 -0.005000
4.620162 -0.002000
4.765462 0.012000
4.943051 0.000000
5.150080 0.000000
5.403643 0.000000
5.705639 0.003000
6.037075 -0.007000
6.385605 -0.004000
6.766424 0.005000
7.206123 0.004000
7.665765 0.006000
8.084571 0.003000
8.416007 0.006000
8.772135 -0.001000
9.166249 0.007000
9.510031 0.010000
9.820574 -0.011000
10.160557 -0.010000
10.441661 0.004000
10.669582 0.008000
10.935491 -0.012000
11.163413 0.007000
11.361894 -0.009000
11.593615 -0.003000
11.847178 -0.006000
12.103590 -0.011000
12.327712 -0.005000
12.576527 0.001000
12.945000 -0.001000
13.367605 0.004000
13.885177 0.000000
14.511012 -0.005000
15.166287 -0.003000
15.787373 0.001000
16.218525 -0.010000
16.483484 -0.004000
16.756990 -0.003000
17.096973 -0.006000
17.432208 0.000000
17.743701 -0.009000
18.045697 -0.004000
18.360989 -0.002000
18.634495 0.000000
18.878561 0.009000
19.148268 0.010000
19.488251 0.005000
19.839630 -0.005000
20.126432 0.001000
20.353404 0.001000
20.528144 0.003000
20.698135 0.003000
20.880473 0.004000
21.078954 0.008000
21.323970 0.018000
21.576583 0.000000
21.850089 -0.003000
22.222361 0.004000
22.625023 0.004000
23.134048 -0.003000
23.719047 -0.002000
24.278405 -0.001000
24.783631 0.004000
25.363881 -0.005000
26.051445 0.004000
26.751355 -0.002000
27.402831 -0.005000
28.032464 -0.011000
28.579476 -0.003000
29.072357 -0.004000
29.589929 0.010000
30.194871 -0.001000
30.820706 0.013000
31.446541 0.001000
32.093268 0.001000
32.685865 -0.009000
33.191091 -0.003000
33.605149 -0.001000
33.953679 -0.015000
34.272769 0.002000
34.641242 -0.001000
35.151217 -0.016000
35.740015 0.019000
36.306970 0.007000
36.796052 0.001000
37.057212 -0.001000
37.156928 -0.007000
37.297479 0.002000
37.562438 0.006000
37.907170 0.004000
38.329775 0.001000
38.772322 -0.021000
39.145544 0.003000
39.439943 -0.002000
39.755235 0.002000
39.941371 -0.007000
40.023992 0.001000
40.115161 -0.005000
40.306045 0.004000
40.604243 0.007000
40.948025 0.003000
41.300353 0.005000
41.735304 -0.005000
42.215839 0.011000
42.684028 0.000000
43.152217 0.000000
43.628953 -0.002000
44.093343 0.010000
44.598570 -0.003000
45.324120 -0.009000
46.235807 -0.004000
47.014539 0.000000
47.503621 0.003000
47.798020 0.004000
48.145600 -0.003000
48.622337 -0.003000
49.099073 -0.002000
49.504583 -0.005000
49.898698 0.001000
50.296611 -0.006000
50.624248 0.000000
50.814183 0.000000
50.917698 -0.001000
51.120928 -0.005000
51.552080 0.008000
52.132330 0.006000
52.633758 -0.005000
53.093400 -0.008000
53.470420 -0.016000
53.743926 -0.005000
54.008885 -0.011000
54.303284 0.000000
54.606230 0.014000
54.874987 0.074000
55.095312 0.153000
55.318485 0.298000
55.492275 0.460000
55.642324 0.619000
55.824661 0.787000
56.039287 0.922000
56.267209 1.001000
56.545463 0.997000
56.835114 0.900000
57.113368 0.752000
57.353635 0.602000
57.573010 0.482000
57.780039 0.368000
58.007960 0.282000
58.260574 0.219000
58.538828 0.160000
58.898754 0.120000
59.292869 0.087000
59.648996 0.039000
59.926301 0.025000
60.120984 0.030000
60.287177 0.002000
60.473313 0.002000
60.697436 -0.004000
60.937703 0.003000
61.161826 0.000000
61.397345 -0.010000
61.584431 -0.002000
61.733530 0.004000
61.882628 -0.002000
62.072563 -0.009000
62.280542 0.001000
62.491369 -0.008000
62.756328 -0.010000
63.108657 -0.005000
63.485677 -0.010000
63.804768 -0.007000
64.028891 -0.007000
64.194134 -0.006000
64.372673 -0.002000
64.567356 -0.005000
64.803824 -0.009000
65.044092 -0.012000
65.408766 0.001000
65.868408 -0.001000
66.291013 -0.006000
66.713618 0.005000
67.062148 0.000000
67.356547 -0.002000
67.513243 -0.004000
67.592066 0.007000
67.625305 0.008000
67.630053 -0.001000
67.654744 -0.005000
67.716473 -0.002000
67.819988 -0.004000
67.907358 0.004000
67.956741 -0.001000
67.952942 0.003000
67.952942 -0.008000
67.961489 0.003000
68.040312 -0.005000
68.230247 0.012000
68.516098 -0.004000
68.868427 -0.004000
69.088751 0.002000
69.092550 0.000000
69.088751 0.002000
69.084003 -0.006000
69.084003 -0.001000
69.080204 0.005000
69.080204 0.011000
69.075456 0.010000
69.075456 0.000000
69.075456 0.007000
69.075456 0.004000
69.075456 0.004000
69.075456 0.008000
69.075456 0.003000
69.071657 0.024000
69.071657 0.005000
69.071657 0.019000
69.071657 0.009000
69.071657 -0.001000
69.071657 0.004000
69.071657 0.004000
69.071657 0.005000
69.071657 0.022000
69.071657 0.015000
69.071657 0.017000
